101101010111111011001010110001010010010000101000100011101101110010001000111010001111100100010111001001000110001111100111010101000000110001101111011101000101101101110110011001110011110101010110100101111000111100101010110100000010100101011101
111110110010101100010100100100001010001000111011011100100010001110100011111001000101110010010001100011111001110101010000001100011011110111010001011011011101100110011100111101010101101001011110001111001010101101000000101001010111010110100101
101011000101001001000010100010001110110111001000100011101000111110010001011100100100011000111110011101010100000011000110111101110100010110110111011001100111001111010101011010010111100011110010101011010000001010010101110101101001011001001101
010010010000101000100011101101110010001000111010001111100100010111001001000110001111100111010101000000110001101111011101000101101101110110011001110011110101010110100101111000111100101010110100000010100101011101011010010110010011010110100100
001010001000111011011100100010001110100011111001000101110010010001100011111001110101010000001100011011110111010001011011011101100110011100111101010101101001011110001111001010101101000000101001010111010110100101100100110101101001001010001111
001110110111001000100011101000111110010001011100100100011000111110011101010100000011000110111101110100010110110111011001100111001111010101011010010111100011110010101011010000001010010101110101101001011001001101011010010010100011110111111011
110010001000111010001111100100010111001001000110001111100111010101000000110001101111011101000101101101110110011001110011110101010110100101111000111100101010110100000010100101011101011010010110010011010110100100101000111101111110111000011010
001110100011111001000101110010010001100011111001110101010000001100011011110111010001011011011101100110011100111101010101101001011110001111001010101101000000101001010111010110100101100100110101101001001010001111011111101110000110101100000001
111110010001011100100100011000111110011101010100000011000110111101110100010110110111011001100111001111010101011010010111100011110010101011010000001010010101110101101001011001001101011010010010100011110111111011100001101011000000010001000110
010111001001000110001111100111010101000000110001101111011101000101101101110110011001110011110101010110100101111000111100101010110100000010100101011101011010010110010011010110100100101000111101111110111000011010110000000100010001100101011111
010001100011111001110101010000001100011011110111010001011011011101100110011100111101010101101001011110001111001010101101000000101001010111010110100101100100110101101001001010001111011111101110000110101100000001000100011001010111111110111001
111110011101010100000011000110111101110100010110110111011001100111001111010101011010010111100011110010101011010000001010010101110101101001011001001101011010010010100011110111111011100001101011000000010001000110010101111111101110010000010100
010101000000110001101111011101000101101101110110011001110011110101010110100101111000111100101010110100000010100101011101011010010110010011010110100100101000111101111110111000011010110000000100010001100101011111111011100100000101000100011100
001100011011110111010001011011011101100110011100111101010101101001011110001111001010101101000000101001010111010110100101100100110101101001001010001111011111101110000110101100000001000100011001010111111110111001000001010001000111000000101000
111101110100010110110111011001100111001111010101011010010111100011110010101011010000001010010101110101101001011001001101011010010010100011110111111011100001101011000000010001000110010101111111101110010000010100010001110000001010000100001110
000101101101110110011001110011110101010110100101111000111100101010110100000010100101011101011010010110010011010110100100101000111101111110111000011010110000000100010001100101011111111011100100000101000100011100000010100001000011101101001011
011101100110011100111101010101101001011110001111001010101101000000101001010111010110100101100100110101101001001010001111011111101110000110101100000001000100011001010111111110111001000001010001000111000000101000010000111011010010110010100011
100111001111010101011010010111100011110010101011010000001010010101110101101001011001001101011010010010100011110111111011100001101011000000010001000110010101111111101110010000010100010001110000001010000100001110110100101100101000110010100101
110101010110100101111000111100101010110100000010100101011101011010010110010011010110100100101000111101111110111000011010110000000100010001100101011111111011100100000101000100011100000010100001000011101101001011001010001100101001010000101010
101001011110001111001010101101000000101001010111010110100101100100110101101001001010001111011111101110000110101100000001000100011001010111111110111001000001010001000111000000101000010000111011010010110010100011001010010100001010101111111010
100011110010101011010000001010010101110101101001011001001101011010010010100011110111111011100001101011000000010001000110010101111111101110010000010100010001110000001010000100001110110100101100101000110010100101000010101011111110101010110110
101010110100000010100101011101011010010110010011010110100100101000111101111110111000011010110000000100010001100101011111111011100100000101000100011100000010100001000011101101001011001010001100101001010000101010111111101010101101100100010101
000000101001010111010110100101100100110101101001001010001111011111101110000110101100000001000100011001010111111110111001000001010001000111000000101000010000111011010010110010100011001010010100001010101111111010101011011001000101010010001101
010101110101101001011001001101011010010010100011110111111011100001101011000000010001000110010101111111101110010000010100010001110000001010000100001110110100101100101000110010100101000010101011111110101010110110010001010100100011011000000000
011010010110010011010110100100101000111101111110111000011010110000000100010001100101011111111011100100000101000100011100000010100001000011101101001011001010001100101001010000101010111111101010101101100100010101001000110110000000001000100110
100100110101101001001010001111011111101110000110101100000001000100011001010111111110111001000001010001000111000000101000010000111011010010110010100011001010010100001010101111111010101011011001000101010010001101100000000010001001100100111111
011010010010100011110111111011100001101011000000010001000110010101111111101110010000010100010001110000001010000100001110110100101100101000110010100101000010101011111110101010110110010001010100100011011000000000100010011001001111111101000000
101000111101111110111000011010110000000100010001100101011111111011100100000101000100011100000010100001000011101101001011001010001100101001010000101010111111101010101101100100010101001000110110000000001000100110010011111111010000000100110011
011111101110000110101100000001000100011001010111111110111001000001010001000111000000101000010000111011010010110010100011001010010100001010101111111010101011011001000101010010001101100000000010001001100100111111110100000001001100111111110110
100001101011000000010001000110010101111111101110010000010100010001110000001010000100001110110100101100101000110010100101000010101011111110101010110110010001010100100011011000000000100010011001001111111101000000010011001111111101100000101000
110000000100010001100101011111111011100100000101000100011100000010100001000011101101001011001010001100101001010000101010111111101010101101100100010101001000110110000000001000100110010011111111010000000100110011111111011000001010001111110110
000100011001010111111110111001000001010001000111000000101000010000111011010010110010100011001010010100001010101111111010101011011001000101010010001101100000000010001001100100111111110100000001001100111111110110000010100011111101100111101110
010101111111101110010000010100010001110000001010000100001110110100101100101000110010100101000010101011111110101010110110010001010100100011011000000000100010011001001111111101000000010011001111111101100000101000111111011001111011101011101010
111011100100000101000100011100000010100001000011101101001011001010001100101001010000101010111111101010101101100100010101001000110110000000001000100110010011111111010000000100110011111111011000001010001111110110011110111010111010101001101000
000001010001000111000000101000010000111011010010110010100011001010010100001010101111111010101011011001000101010010001101100000000010001001100100111111110100000001001100111111110110000010100011111101100111101110101110101010011010000000001010
010001110000001010000100001110110100101100101000110010100101000010101011111110101010110110010001010100100011011000000000100010011001001111111101000000010011001111111101100000101000111111011001111011101011101010100110100000000010101011110110
000010100001000011101101001011001010001100101001010000101010111111101010101101100100010101001000110110000000001000100110010011111111010000000100110011111111011000001010001111110110011110111010111010101001101000000000101010111101100000111110
010000111011010010110010100011001010010100001010101111111010101011011001000101010010001101100000000010001001100100111111110100000001001100111111110110000010100011111101100111101110101110101010011010000000001010101111011000001111100011111110
110100101100101000110010100101000010101011111110101010110110010001010100100011011000000000100010011001001111111101000000010011001111111101100000101000111111011001111011101011101010100110100000000010101011110110000011111000111111101111101011
001010001100101001010000101010111111101010101101100100010101001000110110000000001000100110010011111111010000000100110011111111011000001010001111110110011110111010111010101001101000000000101010111101100000111110001111111011111010110000010101
001010010100001010101111111010101011011001000101010010001101100000000010001001100100111111110100000001001100111111110110000010100011111101100111101110101110101010011010000000001010101111011000001111100011111110111110101100000101010100000000
000010101011111110101010110110010001010100100011011000000000100010011001001111111101000000010011001111111101100000101000111111011001111011101011101010100110100000000010101011110110000011111000111111101111101011000001010101000000000100110000
111111101010101101100100010101001000110110000000001000100110010011111111010000000100110011111111011000001010001111110110011110111010111010101001101000000000101010111101100000111110001111111011111010110000010101010000000001001100000010110001
101011011001000101010010001101100000000010001001100100111111110100000001001100111111110110000010100011111101100111101110101110101010011010000000001010101111011000001111100011111110111110101100000101010100000000010011000000101100011001111100
010001010100100011011000000000100010011001001111111101000000010011001111111101100000101000111111011001111011101011101010100110100000000010101011110110000011111000111111101111101011000001010101000000000100110000001011000110011111000111001000
001000110110000000001000100110010011111111010000000100110011111111011000001010001111110110011110111010111010101001101000000000101010111101100000111110001111111011111010110000010101010000000001001100000010110001100111110001110010001011110000
100000000010001001100100111111110100000001001100111111110110000010100011111101100111101110101110101010011010000000001010101111011000001111100011111110111110101100000101010100000000010011000000101100011001111100011100100010111100001111100010
100010011001001111111101000000010011001111111101100000101000111111011001111011101011101010100110100000000010101011110110000011111000111111101111101011000001010101000000000100110000001011000110011111000111001000101111000011111000100001100101
010011111111010000000100110011111111011000001010001111110110011110111010111010101001101000000000101010111101100000111110001111111011111010110000010101010000000001001100000010110001100111110001110010001011110000111110001000011001010011011011
110100000001001100111111110110000010100011111101100111101110101110101010011010000000001010101111011000001111100011111110111110101100000101010100000000010011000000101100011001111100011100100010111100001111100010000110010100110110111100100100
010011001111111101100000101000111111011001111011101011101010100110100000000010101011110110000011111000111111101111101011000001010101000000000100110000001011000110011111000111001000101111000011111000100001100101001101101111001001000010001101
111111011000001010001111110110011110111010111010101001101000000000101010111101100000111110001111111011111010110000010101010000000001001100000010110001100111110001110010001011110000111110001000011001010011011011110010010000100011010100000001
000010100011111101100111101110101110101010011010000000001010101111011000001111100011111110111110101100000101010100000000010011000000101100011001111100011100100010111100001111100010000110010100110110111100100100001000110101000000011011010011
111111011001111011101011101010100110100000000010101011110110000011111000111111101111101011000001010101000000000100110000001011000110011111000111001000101111000011111000100001100101001101101111001001000010001101010000000110110100110111001011
011110111010111010101001101000000000101010111101100000111110001111111011111010110000010101010000000001001100000010110001100111110001110010001011110000111110001000011001010011011011110010010000100011010100000001101101001101110010111101101110
101110101010011010000000001010101111011000001111100011111110111110101100000101010100000000010011000000101100011001111100011100100010111100001111100010000110010100110110111100100100001000110101000000011011010011011100101111011011100110011000
100110100000000010101011110110000011111000111111101111101011000001010101000000000100110000001011000110011111000111001000101111000011111000100001100101001101101111001001000010001101010000000110110100110111001011110110111001100110000011110110
000000101010111101100000111110001111111011111010110000010101010000000001001100000010110001100111110001110010001011110000111110001000011001010011011011110010010000100011010100000001101101001101110010111101101110011001100000111101100111111100
101111011000001111100011111110111110101100000101010100000000010011000000101100011001111100011100100010111100001111100010000110010100110110111100100100001000110101000000011011010011011100101111011011100110011000001111011001111111001001110001
000011111000111111101111101011000001010101000000000100110000001011000110011111000111001000101111000011111000100001100101001101101111001001000010001101010000000110110100110111001011110110111001100110000011110110011111110010011100010010010100
001111111011111010110000010101010000000001001100000010110001100111110001110010001011110000111110001000011001010011011011110010010000100011010100000001101101001101110010111101101110011001100000111101100111111100100111000100100101000101110100
111110101100000101010100000000010011000000101100011001111100011100100010111100001111100010000110010100110110111100100100001000110101000000011011010011011100101111011011100110011000001111011001111111001001110001001001010001011101001100111111
000001010101000000000100110000001011000110011111000111001000101111000011111000100001100101001101101111001001000010001101010000000110110100110111001011110110111001100110000011110110011111110010011100010010010100010111010011001111111001010001
010000000001001100000010110001100111110001110010001011110000111110001000011001010011011011110010010000100011010100000001101101001101110010111101101110011001100000111101100111111100100111000100100101000101110100110011111110010100011000011000
010011000000101100011001111100011100100010111100001111100010000110010100110110111100100100001000110101000000011011010011011100101111011011100110011000001111011001111111001001110001001001010001011101001100111111100101000110000110001010000001
001011000110011111000111001000101111000011111000100001100101001101101111001001000010001101010000000110110100110111001011110110111001100110000011110110011111110010011100010010010100010111010011001111111001010001100001100010100000010010101010
100111110001110010001011110000111110001000011001010011011011110010010000100011010100000001101101001101110010111101101110011001100000111101100111111100100111000100100101000101110100110011111110010100011000011000101000000100101010101011000100
011100100010111100001111100010000110010100110110111100100100001000110101000000011011010011011100101111011011100110011000001111011001111111001001110001001001010001011101001100111111100101000110000110001010000001001010101010110001001101111101
101111000011111000100001100101001101101111001001000010001101010000000110110100110111001011110110111001100110000011110110011111110010011100010010010100010111010011001111111001010001100001100010100000010010101010101100010011011111011001001101
111110001000011001010011011011110010010000100011010100000001101101001101110010111101101110011001100000111101100111111100100111000100100101000101110100110011111110010100011000011000101000000100101010101011000100110111110110010011010110100011
000110010100110110111100100100001000110101000000011011010011011100101111011011100110011000001111011001111111001001110001001001010001011101001100111111100101000110000110001010000001001010101010110001001101111101100100110101101000110101001011
001101101111001001000010001101010000000110110100110111001011110110111001100110000011110110011111110010011100010010010100010111010011001111111001010001100001100010100000010010101010101100010011011111011001001101011010001101010010110001001001
110010010000100011010100000001101101001101110010111101101110011001100000111101100111111100100111000100100101000101110100110011111110010100011000011000101000000100101010101011000100110111110110010011010110100011010100101100010010010010110011
001000110101000000011011010011011100101111011011100110011000001111011001111111001001110001001001010001011101001100111111100101000110000110001010000001001010101010110001001101111101100100110101101000110101001011000100100100101100110110101101
010000000110110100110111001011110110111001100110000011110110011111110010011100010010010100010111010011001111111001010001100001100010100000010010101010101100010011011111011001001101011010001101010010110001001001001011001101101011011010000110
101101001101110010111101101110011001100000111101100111111100100111000100100101000101110100110011111110010100011000011000101000000100101010101011000100110111110110010011010110100011010100101100010010010010110011011010110110100001100010011011
011100101111011011100110011000001111011001111111001001110001001001010001011101001100111111100101000110000110001010000001001010101010110001001101111101100100110101101000110101001011000100100100101100110110101101101000011000100110110011110000
110110111001100110000011110110011111110010011100010010010100010111010011001111111001010001100001100010100000010010101010101100010011011111011001001101011010001101010010110001001001001011001101101011011010000110001001101100111100000011101110
011001100000111101100111111100100111000100100101000101110100110011111110010100011000011000101000000100101010101011000100110111110110010011010110100011010100101100010010010010110011011010110110100001100010011011001111000000111011101001100001
001111011001111111001001110001001001010001011101001100111111100101000110000110001010000001001010101010110001001101111101100100110101101000110101001011000100100100101100110110101101101000011000100110110011110000001110111010011000011010110101
011111110010011100010010010100010111010011001111111001010001100001100010100000010010101010101100010011011111011001001101011010001101010010110001001001001011001101101011011010000110001001101100111100000011101110100110000110101101011000101010
100111000100100101000101110100110011111110010100011000011000101000000100101010101011000100110111110110010011010110100011010100101100010010010010110011011010110110100001100010011011001111000000111011101001100001101011010110001010100101010001
001001010001011101001100111111100101000110000110001010000001001010101010110001001101111101100100110101101000110101001011000100100100101100110110101101101000011000100110110011110000001110111010011000011010110101100010101001010100010011010110
010111010011001111111001010001100001100010100000010010101010101100010011011111011001001101011010001101010010110001001001001011001101101011011010000110001001101100111100000011101110100110000110101101011000101010010101000100110101100101001000
110011111110010100011000011000101000000100101010101011000100110111110110010011010110100011010100101100010010010010110011011010110110100001100010011011001111000000111011101001100001101011010110001010100101010001001101011001010010000100010000
100101000110000110001010000001001010101010110001001101111101100100110101101000110101001011000100100100101100110110101101101000011000100110110011110000001110111010011000011010110101100010101001010100010011010110010100100001000100000100011111
100001100010100000010010101010101100010011011111011001001101011010001101010010110001001001001011001101101011011010000110001001101100111100000011101110100110000110101101011000101010010101000100110101100101001000010001000001000111111010111111
101000000100101010101011000100110111110110010011010110100011010100101100010010010010110011011010110110100001100010011011001111000000111011101001100001101011010110001010100101010001001101011001010010000100010000010001111110101111111100010011
001010101010110001001101111101100100110101101000110101001011000100100100101100110110101101101000011000100110110011110000001110111010011000011010110101100010101001010100010011010110010100100001000100000100011111101011111111000100111111010100
101100010011011111011001001101011010001101010010110001001001001011001101101011011010000110001001101100111100000011101110100110000110101101011000101010010101000100110101100101001000010001000001000111111010111111110001001111110101000100000001
110111110110010011010110100011010100101100010010010010110011011010110110100001100010011011001111000000111011101001100001101011010110001010100101010001001101011001010010000100010000010001111110101111111100010011111101010001000000011110111101
100100110101101000110101001011000100100100101100110110101101101000011000100110110011110000001110111010011000011010110101100010101001010100010011010110010100100001000100000100011111101011111111000100111111010100010000000111101111011111111101
011010001101010010110001001001001011001101101011011010000110001001101100111100000011101110100110000110101101011000101010010101000100110101100101001000010001000001000111111010111111110001001111110101000100000001111011110111111111011101101101
010100101100010010010010110011011010110110100001100010011011001111000000111011101001100001101011010110001010100101010001001101011001010010000100010000010001111110101111111100010011111101010001000000011110111101111111110111011011010011101001
000100100100101100110110101101101000011000100110110011110000001110111010011000011010110101100010101001010100010011010110010100100001000100000100011111101011111111000100111111010100010000000111101111011111111101110110110100111010010010001011
001011001101101011011010000110001001101100111100000011101110100110000110101101011000101010010101000100110101100101001000010001000001000111111010111111110001001111110101000100000001111011110111111111011101101101001110100100100010110101000101
011010110110100001100010011011001111000000111011101001100001101011010110001010100101010001001101011001010010000100010000010001111110101111111100010011111101010001000000011110111101111111110111011011010011101001001000101101010001010101110111
101000011000100110110011110000001110111010011000011010110101100010101001010100010011010110010100100001000100000100011111101011111111000100111111010100010000000111101111011111111101110110110100111010010010001011010100010101011101111000001011
001001101100111100000011101110100110000110101101011000101010010101000100110101100101001000010001000001000111111010111111110001001111110101000100000001111011110111111111011101101101001110100100100010110101000101010111011110000010111010001111
001111000000111011101001100001101011010110001010100101010001001101011001010010000100010000010001111110101111111100010011111101010001000000011110111101111111110111011011010011101001001000101101010001010101110111100000101110100011110100011101
001110111010011000011010110101100010101001010100010011010110010100100001000100000100011111101011111111000100111111010100010000000111101111011111111101110110110100111010010010001011010100010101011101111000001011101000111101000111011110010100
100110000110101101011000101010010101000100110101100101001000010001000001000111111010111111110001001111110101000100000001111011110111111111011101101101001110100100100010110101000101010111011110000010111010001111010001110111100101000010101000
101011010110001010100101010001001101011001010010000100010000010001111110101111111100010011111101010001000000011110111101111111110111011011010011101001001000101101010001010101110111100000101110100011110100011101111001010000101010000010101000
100010101001010100010011010110010100100001000100000100011111101011111111000100111111010100010000000111101111011111111101110110110100111010010010001011010100010101011101111000001011101000111101000111011110010100001010100000101010000001110101
010101000100110101100101001000010001000001000111111010111111110001001111110101000100000001111011110111111111011101101101001110100100100010110101000101010111011110000010111010001111010001110111100101000010101000001010100000011101010110010111
001101011001010010000100010000010001111110101111111100010011111101010001000000011110111101111111110111011011010011101001001000101101010001010101110111100000101110100011110100011101111001010000101010000010101000000111010101100101110011011111
010100100001000100000100011111101011111111000100111111010100010000000111101111011111111101110110110100111010010010001011010100010101011101111000001011101000111101000111011110010100001010100000101010000001110101011001011100110111110100100001
010001000001000111111010111111110001001111110101000100000001111011110111111111011101101101001110100100100010110101000101010111011110000010111010001111010001110111100101000010101000001010100000011101010110010111001101111101001000010001010101
010001111110101111111100010011111101010001000000011110111101111111110111011011010011101001001000101101010001010101110111100000101110100011110100011101111001010000101010000010101000000111010101100101110011011111010010000100010101010010000000
101011111111000100111111010100010000000111101111011111111101110110110100111010010010001011010100010101011101111000001011101000111101000111011110010100001010100000101010000001110101011001011100110111110100100001000101010100100000001110110010
110001001111110101000100000001111011110111111111011101101101001110100100100010110101000101010111011110000010111010001111010001110111100101000010101000001010100000011101010110010111001101111101001000010001010101001000000011101100100110000010
111101010001000000011110111101111111110111011011010011101001001000101101010001010101110111100000101110100011110100011101111001010000101010000010101000000111010101100101110011011111010010000100010101010010000000111011001001100000100101000101
010000000111101111011111111101110110110100111010010010001011010100010101011101111000001011101000111101000111011110010100001010100000101010000001110101011001011100110111110100100001000101010100100000001110110010011000001001010001010010111110
111011110111111111011101101101001110100100100010110101000101010111011110000010111010001111010001110111100101000010101000001010100000011101010110010111001101111101001000010001010101001000000011101100100110000010010100010100101111101000110010
111111110111011011010011101001001000101101010001010101110111100000101110100011110100011101111001010000101010000010101000000111010101100101110011011111010010000100010101010010000000111011001001100000100101000101001011111010001100101000101111
110110110100111010010010001011010100010101011101111000001011101000111101000111011110010100001010100000101010000001110101011001011100110111110100100001000101010100100000001110110010011000001001010001010010111110100011001010001011111110010010
001110100100100010110101000101010111011110000010111010001111010001110111100101000010101000001010100000011101010110010111001101111101001000010001010101001000000011101100100110000010010100010100101111101000110010100010111111100100101010101110
001000101101010001010101110111100000101110100011110100011101111001010000101010000010101000000111010101100101110011011111010010000100010101010010000000111011001001100000100101000101001011111010001100101000101111111001001010101011100101001001
010100010101011101111000001011101000111101000111011110010100001010100000101010000001110101011001011100110111110100100001000101010100100000001110110010011000001001010001010010111110100011001010001011111110010010101010111001010010010011111101
010111011110000010111010001111010001110111100101000010101000001010100000011101010110010111001101111101001000010001010101001000000011101100100110000010010100010100101111101000110010100010111111100100101010101110010100100100111111010010101100
100000101110100011110100011101111001010000101010000010101000000111010101100101110011011111010010000100010101010010000000111011001001100000100101000101001011111010001100101000101111111001001010101011100101001001001111110100101011000010000101
101000111101000111011110010100001010100000101010000001110101011001011100110111110100100001000101010100100000001110110010011000001001010001010010111110100011001010001011111110010010101010111001010010010011111101001010110000100001010100101000
010001110111100101000010101000001010100000011101010110010111001101111101001000010001010101001000000011101100100110000010010100010100101111101000110010100010111111100100101010101110010100100100111111010010101100001000010101001010001101110000
111001010000101010000010101000000111010101100101110011011111010010000100010101010010000000111011001001100000100101000101001011111010001100101000101111111001001010101011100101001001001111110100101011000010000101010010100011011100001010101011
001010100000101010000001110101011001011100110111110100100001000101010100100000001110110010011000001001010001010010111110100011001010001011111110010010101010111001010010010011111101001010110000100001010100101000110111000010101010111000101010
001010100000011101010110010111001101111101001000010001010101001000000011101100100110000010010100010100101111101000110010100010111111100100101010101110010100100100111111010010101100001000010101001010001101110000101010101110001010100101010100
000111010101100101110011011111010010000100010101010010000000111011001001100000100101000101001011111010001100101000101111111001001010101011100101001001001111110100101011000010000101010010100011011100001010101011100010101001010101000111111100
011001011100110111110100100001000101010100100000001110110010011000001001010001010010111110100011001010001011111110010010101010111001010010010011111101001010110000100001010100101000110111000010101010111000101010010101010001111111000000101011
001101111101001000010001010101001000000011101100100110000010010100010100101111101000110010100010111111100100101010101110010100100100111111010010101100001000010101001010001101110000101010101110001010100101010100011111110000001010110011110000
010010000100010101010010000000111011001001100000100101000101001011111010001100101000101111111001001010101011100101001001001111110100101011000010000101010010100011011100001010101011100010101001010101000111111100000010101100111100000011100001
000101010100100000001110110010011000001001010001010010111110100011001010001011111110010010101010111001010010010011111101001010110000100001010100101000110111000010101010111000101010010101010001111111000000101011001111000000111000011000100011
001000000011101100100110000010010100010100101111101000110010100010111111100100101010101110010100100100111111010010101100001000010101001010001101110000101010101110001010100101010100011111110000001010110011110000001110000110001000110111000111
111011001001100000100101000101001011111010001100101000101111111001001010101011100101001001001111110100101011000010000101010010100011011100001010101011100010101001010101000111111100000010101100111100000011100001100010001101110001111000100001
011000001001010001010010111110100011001010001011111110010010101010111001010010010011111101001010110000100001010100101000110111000010101010111000101010010101010001111111000000101011001111000000111000011000100011011100011110001000011100010011
010100010100101111101000110010100010111111100100101010101110010100100100111111010010101100001000010101001010001101110000101010101110001010100101010100011111110000001010110011110000001110000110001000110111000111100010000111000100110110011011
001011111010001100101000101111111001001010101011100101001001001111110100101011000010000101010010100011011100001010101011100010101001010101000111111100000010101100111100000011100001100010001101110001111000100001110001001101100110111110000000
100011001010001011111110010010101010111001010010010011111101001010110000100001010100101000110111000010101010111000101010010101010001111111000000101011001111000000111000011000100011011100011110001000011100010011011001101111100000001010110110
100010111111100100101010101110010100100100111111010010101100001000010101001010001101110000101010101110001010100101010100011111110000001010110011110000001110000110001000110111000111100010000111000100110110011011111000000010101101101100101010
111001001010101011100101001001001111110100101011000010000101010010100011011100001010101011100010101001010101000111111100000010101100111100000011100001100010001101110001111000100001110001001101100110111110000000101011011011001010100010010010
101010111001010010010011111101001010110000100001010100101000110111000010101010111000101010010101010001111111000000101011001111000000111000011000100011011100011110001000011100010011011001101111100000001010110110110010101000100100100010110000
010100100100111111010010101100001000010101001010001101110000101010101110001010100101010100011111110000001010110011110000001110000110001000110111000111100010000111000100110110011011111000000010101101101100101010001001001000101100000011011111
001111110100101011000010000101010010100011011100001010101011100010101001010101000111111100000010101100111100000011100001100010001101110001111000100001110001001101100110111110000000101011011011001010100010010010001011000000110111111111010111
001010110000100001010100101000110111000010101010111000101010010101010001111111000000101011001111000000111000011000100011011100011110001000011100010011011001101111100000001010110110110010101000100100100010110000001101111111110101110010011111
001000010101001010001101110000101010101110001010100101010100011111110000001010110011110000001110000110001000110111000111100010000111000100110110011011111000000010101101101100101010001001001000101100000011011111111101011100100111111011010011
010010100011011100001010101011100010101001010101000111111100000010101100111100000011100001100010001101110001111000100001110001001101100110111110000000101011011011001010100010010010001011000000110111111111010111001001111110110100111000001110
110111000010101010111000101010010101010001111111000000101011001111000000111000011000100011011100011110001000011100010011011001101111100000001010110110110010101000100100100010110000001101111111110101110010011111101101001110000011101010011100
101010101110001010100101010100011111110000001010110011110000001110000110001000110111000111100010000111000100110110011011111000000010101101101100101010001001001000101100000011011111111101011100100111111011010011100000111010100111000011101000
100010101001010101000111111100000010101100111100000011100001100010001101110001111000100001110001001101100110111110000000101011011011001010100010010010001011000000110111111111010111001001111110110100111000001110101001110000111010001011101110
010101010001111111000000101011001111000000111000011000100011011100011110001000011100010011011001101111100000001010110110110010101000100100100010110000001101111111110101110010011111101101001110000011101010011100001110100010111011100000000000
011111110000001010110011110000001110000110001000110111000111100010000111000100110110011011111000000010101101101100101010001001001000101100000011011111111101011100100111111011010011100000111010100111000011101000101110111000000000001011111011
000010101100111100000011100001100010001101110001111000100001110001001101100110111110000000101011011011001010100010010010001011000000110111111111010111001001111110110100111000001110101001110000111010001011101110000000000010111110110101010100
001111000000111000011000100011011100011110001000011100010011011001101111100000001010110110110010101000100100100010110000001101111111110101110010011111101101001110000011101010011100001110100010111011100000000000101111101101010101000110111101
001110000110001000110111000111100010000111000100110110011011111000000010101101101100101010001001001000101100000011011111111101011100100111111011010011100000111010100111000011101000101110111000000000001011111011010101010001101111010110100111
100010001101110001111000100001110001001101100110111110000000101011011011001010100010010010001011000000110111111111010111001001111110110100111000001110101001110000111010001011101110000000000010111110110101010100011011110101101001111001010001
011100011110001000011100010011011001101111100000001010110110110010101000100100100010110000001101111111110101110010011111101101001110000011101010011100001110100010111011100000000000101111101101010101000110111101011010011110010100010010100100
100010000111000100110110011011111000000010101101101100101010001001001000101100000011011111111101011100100111111011010011100000111010100111000011101000101110111000000000001011111011010101010001101111010110100111100101000100101001001101110010
110001001101100110111110000000101011011011001010100010010010001011000000110111111111010111001001111110110100111000001110101001110000111010001011101110000000000010111110110101010100011011110101101001111001010001001010010011011100100000010111
011001101111100000001010110110110010101000100100100010110000001101111111110101110010011111101101001110000011101010011100001110100010111011100000000000101111101101010101000110111101011010011110010100010010100100110111001000000101111111001001
111000000010101101101100101010001001001000101100000011011111111101011100100111111011010011100000111010100111000011101000101110111000000000001011111011010101010001101111010110100111100101000100101001001101110010000001011111110010011111010100
101011011011001010100010010010001011000000110111111111010111001001111110110100111000001110101001110000111010001011101110000000000010111110110101010100011011110101101001111001010001001010010011011100100000010111111100100111110101001101110111
110010101000100100100010110000001101111111110101110010011111101101001110000011101010011100001110100010111011100000000000101111101101010101000110111101011010011110010100010010100100110111001000000101111111001001111101010011011101111000111011
001001001000101100000011011111111101011100100111111011010011100000111010100111000011101000101110111000000000001011111011010101010001101111010110100111100101000100101001001101110010000001011111110010011111010100110111011110001110110000110011
001011000000110111111111010111001001111110110100111000001110101001110000111010001011101110000000000010111110110101010100011011110101101001111001010001001010010011011100100000010111111100100111110101001101110111100011101100001100111000100001
001101111111110101110010011111101101001110000011101010011100001110100010111011100000000000101111101101010101000110111101011010011110010100010010100100110111001000000101111111001001111101010011011101111000111011000011001110001000010101100110
111101011100100111111011010011100000111010100111000011101000101110111000000000001011111011010101010001101111010110100111100101000100101001001101110010000001011111110010011111010100110111011110001110110000110011100010000101011001101001011001
001001111110110100111000001110101001110000111010001011101110000000000010111110110101010100011011110101101001111001010001001010010011011100100000010111111100100111110101001101110111100011101100001100111000100001010110011010010110010010110000
101101001110000011101010011100001110100010111011100000000000101111101101010101000110111101011010011110010100010010100100110111001000000101111111001001111101010011011101111000111011000011001110001000010101100110100101100100101100001000010000
100000111010100111000011101000101110111000000000001011111011010101010001101111010110100111100101000100101001001101110010000001011111110010011111010100110111011110001110110000110011100010000101011001101001011001001011000010000100001101101101
101001110000111010001011101110000000000010111110110101010100011011110101101001111001010001001010010011011100100000010111111100100111110101001101110111100011101100001100111000100001010110011010010110010010110000100001000011011011010100000111
001110100010111011100000000000101111101101010101000110111101011010011110010100010010100100110111001000000101111111001001111101010011011101111000111011000011001110001000010101100110100101100100101100001000010000110110110101000001110010111011
101110111000000000001011111011010101010001101111010110100111100101000100101001001101110010000001011111110010011111010100110111011110001110110000110011100010000101011001101001011001001011000010000100001101101101010000011100101110111000101101
000000000010111110110101010100011011110101101001111001010001001010010011011100100000010111111100100111110101001101110111100011101100001100111000100001010110011010010110010010110000100001000011011011010100000111001011101110001011010011100101
101111101101010101000110111101011010011110010100010010100100110111001000000101111111001001111101010011011101111000111011000011001110001000010101100110100101100100101100001000010000110110110101000001110010111011100010110100111001011110010100
010101010001101111010110100111100101000100101001001101110010000001011111110010011111010100110111011110001110110000110011100010000101011001101001011001001011000010000100001101101101010000011100101110111000101101001110010111100101001111110010
011011110101101001111001010001001010010011011100100000010111111100100111110101001101110111100011101100001100111000100001010110011010010110010010110000100001000011011011010100000111001011101110001011010011100101111001010011111100100100101101
011010011110010100010010100100110111001000000101111111001001111101010011011101111000111011000011001110001000010101100110100101100100101100001000010000110110110101000001110010111011100010110100111001011110010100111111001001001011011001000010
100101000100101001001101110010000001011111110010011111010100110111011110001110110000110011100010000101011001101001011001001011000010000100001101101101010000011100101110111000101101001110010111100101001111110010010010110110010000101000100001
001010010011011100100000010111111100100111110101001101110111100011101100001100111000100001010110011010010110010010110000100001000011011011010100000111001011101110001011010011100101111001010011111100100100101101100100001010001000011111101011
110111001000000101111111001001111101010011011101111000111011000011001110001000010101100110100101100100101100001000010000110110110101000001110010111011100010110100111001011110010100111111001001001011011001000010100010000111111010111000110011
000001011111110010011111010100110111011110001110110000110011100010000101011001101001011001001011000010000100001101101101010000011100101110111000101101001110010111100101001111110010010010110110010000101000100001111110101110001100111010011110
